# oST version 5.0 parameters


[image]

width
1920

height
1080

[narrow_stereo]

camera matrix
110.397774 0.000000 906.042893
0.000000 131.497447 524.678574
0.000000 0.000000 1.000000

distortion
-0.003908 -0.000022 -0.006890 -0.000166 0.000000

rectification
1.000000 0.000000 0.000000
0.000000 1.000000 0.000000
0.000000 0.000000 1.000000

projection
209.363510 0.000000 1718.262254 0.000000
0.000000 238.454819 937.388746 0.000000
0.000000 0.000000 1.000000 0.000000
