image_width: 1920
image_height: 1080
camera_name: narrow_stereo
camera_matrix:
  rows: 3
  cols: 3
  data: [1633.75319,    0.     ,  936.3995 ,
            0.     , 1634.40554,  519.35982,
            0.     ,    0.     ,    1.     ]
distortion_model: plumb_bob
distortion_coefficients:
  rows: 1
  cols: 5
  data: [0.197198, -1.029984, -0.0037327, 0.000656, 1.75015]