image_width: 1920
image_height: 1080
camera_name: narrow_stereo
camera_matrix:
  rows: 3
  cols: 3
  data: [110.39777,   0.     , 906.04289,
           0.     , 131.49745, 524.67857,
           0.     ,   0.     ,   1.     ]
distortion_model: plumb_bob
distortion_coefficients:
  rows: 1
  cols: 5
  data: [-0.003908, -0.000022, -0.006890, -0.000166, 0.000000]
rectification_matrix:
  rows: 3
  cols: 3
  data: [1., 0., 0.,
         0., 1., 0.,
         0., 0., 1.]
projection_matrix:
  rows: 3
  cols: 4
  data: [ 209.36351,    0.     , 1718.26225,    0.     ,
            0.     ,  238.45482,  937.38875,    0.     ,
            0.     ,    0.     ,    1.     ,    0.     ]
