# oST version 5.0 parameters


[image]

width
1920

height
1080

[narrow_stereo]

camera matrix
1617.156719 0.000000 964.032103
0.000000 1618.654262 515.259435
0.000000 0.000000 1.000000

distortion
0.253752 -1.540551 -0.006956 0.003027 2.880486

rectification
1.000000 0.000000 0.000000
0.000000 1.000000 0.000000
0.000000 0.000000 1.000000

projection
1698.028809 0.000000 966.367665 0.000000
0.000000 1698.732056 510.460892 0.000000
0.000000 0.000000 1.000000 0.000000
