camera_matrix:
  rows: 3
  cols: 3
  data:
    [
      1630.6843646091675,
      0.0,
      947.7390110194654,
      0.0,
      1627.7987702915887,
      519.2842672368622,
      0.0,
      0.0,
      1.0,
    ]
distortion_coefficients:
  rows: 1
  cols: 5
  data:
    [
      0.24883421921772128,
      -1.4734436664451296,
      -0.003874384456464118,
      -0.00046914550743042046,
      2.7734903823876693,
    ]
