image_width: 1920
image_height: 1080
camera_name: narrow_stereo
camera_matrix:
  rows: 3
  cols: 3
  data: [1630.6843,    0.     ,  947.739 ,
            0.     , 1627.79877,  519.284267,
            0.     ,    0.     ,    1.     ]
distortion_model: plumb_bob
distortion_coefficients:
  rows: 1
  cols: 5
  data: [0.2488, -1.47344367, -0.003874, 0.00046914, 2.77349038]